89.0000 218.0000
90.0000 235.0000
129.0000 283.0000
133.0000 286.0000
128.0000 290.0000
168.0000 363.0000
168.0000 374.0000
166.0000 498.0000
186.0000 322.0000
187.0000 332.0000
210.0000 355.0000
221.0000 351.0000
216.0000 379.0000
225.0000 404.0000
196.0000 493.0000
214.0000 506.0000
256.0000 410.0000
269.0000 393.0000
238.0000 285.0000
247.0000 293.0000
253.0000 297.0000
254.0000 303.0000
265.0000 250.0000
248.0000 268.0000
272.0000 242.0000
319.0000 192.0000
335.0000 218.0000
398.0000 110.0000
475.0000 26.0000
483.0000 22.0000
316.0000 275.0000
257.0000 344.0000
