26.0000 52.0000
170.0000 27.0000
398.0000 55.0000
193.0000 106.0000
403.0000 95.0000
415.0000 103.0000
183.0000 131.0000
425.0000 154.0000
95.0000 173.0000
87.0000 206.0000
14.0000 469.0000
52.0000 408.0000
80.0000 448.0000
117.0000 395.0000
116.0000 422.0000
153.0000 177.0000
150.0000 205.0000
135.0000 215.0000
119.0000 280.0000
120.0000 313.0000
116.0000 318.0000
122.0000 339.0000
152.0000 351.0000
148.0000 362.0000
178.0000 300.0000
186.0000 336.0000
240.0000 477.0000
250.0000 468.0000
274.0000 462.0000
311.0000 485.0000
275.0000 397.0000
278.0000 354.0000
481.0000 280.0000
499.0000 287.0000
472.0000 200.0000
473.0000 167.0000
381.0000 162.0000
362.0000 197.0000
