48.0000 66.0000
62.0000 91.0000
33.0000 110.0000
173.0000 99.0000
115.0000 160.0000
216.0000 100.0000
292.0000 55.0000
472.0000 91.0000
457.0000 231.0000
411.0000 272.0000
277.0000 134.0000
149.0000 196.0000
87.0000 274.0000
80.0000 278.0000
57.0000 317.0000
83.0000 331.0000
110.0000 356.0000
122.0000 456.0000
209.0000 454.0000
246.0000 373.0000
250.0000 377.0000
274.0000 441.0000
294.0000 443.0000
323.0000 427.0000
329.0000 383.0000
320.0000 392.0000
334.0000 331.0000
260.0000 341.0000
193.0000 228.0000
195.0000 231.0000
135.0000 316.0000
149.0000 379.0000
293.0000 279.0000
