52.0000 123.0000
68.0000 144.0000
188.0000 136.0000
185.0000 174.0000
218.0000 125.0000
61.0000 267.0000
79.0000 358.0000
75.0000 380.0000
118.0000 375.0000
105.0000 400.0000
316.0000 142.0000
286.0000 220.0000
281.0000 223.0000
287.0000 224.0000
230.0000 381.0000
274.0000 422.0000
331.0000 364.0000
316.0000 413.0000
381.0000 340.0000
355.0000 332.0000
452.0000 283.0000
466.0000 217.0000
458.0000 226.0000
402.0000 238.0000
387.0000 133.0000
395.0000 153.0000
462.0000 152.0000
311.0000 241.0000
405.0000 363.0000

